Scene: Starter-2024
Active: true
EditorScene: true
SceneHandle: 0
EditorCamera:
  Position: [8.464383, 3.6476567, -10.979696]
  Origin: [0, 0, 0]
  Distance: 14.761928
  FocalPoint: [-0.49468136, -0.053087234, 0.15377522]
  Perspective:
    DegPerspectiveFOV: 45
    PerspectiveNear: 0.1
    PerspectiveFar: 2400
  Orthographic:
    OrthographicSize: 10
    OrthographicNear: -1
    OrthographicFar: 1
  Pitch: 0.25339827
  Yaw: 3.8191907
  ProjectionType: 1
  CameraMode: 2
